123
1 0
9
2 3
10
7
1 3
9
4 3
3
6
6
9
3 2
6
2
9
0 0
3 1
9
2
8
4 2
4
3
10
10
3 0
6
5
5
4 3
4
3
5
5
2 0
5
1
0 1
4 2
5
4
7
8
3 0
2
10
7
1 0
3
3 1
9
4
6
1 0
6
2 3
3
10
2 0
6
5
0 0
0 2
3 0
5
3
5
1 3
1
2 1
8
10
2 3
8
3
3 2
4
7
3
0 1
0 3
2 3
7
7
1 1
6
4 2
5
2
9
8
2 3
5
2
2 0
9
3
2 1
3
1
3 0
7
6
8
0 3
2 3
6
8
0 3
3 0
4
7
3
4 0
5
4
8
10
2 0
1
3
3 1
7
9
9
1 0
7
2 0
5
7
2 2
7
5
1 3
7
2 0
9
1
4 2
1
6
4
7
3 2
1
2
2
3 0
9
1
4
3 0
2
8
1
3 1
1
2
8
2 3
8
2
3 3
10
10
10
3 2
3
8
4
1 0
6
4 3
3
5
1
1
2 0
6
10
3 3
1
7
8
2 3
4
5
0 3
1 2
6
3 1
8
3
8
3 0
2
5
3
4 3
8
1
9
9
3 3
4
1
9
1 3
8
4 0
10
4
4
2
3 3
9
1
5
4 0
9
8
3
2
4 3
8
3
2
7
1 1
8
4 1
2
5
9
10
3 1
5
2
10
2 1
1
3
2 0
3
6
3 1
7
7
6
2 1
4
9
2 1
5
10
1 2
7
2 1
3
3
4 3
4
3
5
1
0 1
3 0
8
10
3
1 2
9
4 2
2
2
5
10
4 0
4
5
3
8
3 2
5
5
1
2 1
3
6
0 3
4 3
6
1
4
5
1 3
9
0 0
3 0
8
10
8
4 3
2
3
10
8
2 2
1
7
1 2
5
1 2
10
1 2
5
4 0
7
2
3
10
1 3
6
2 3
6
3
3 1
10
2
8
3 0
9
4
4
1 0
2
1 2
9
2 0
1
8
0 1
1 2
7
0 3
0 0
0 3
2 3
8
7
2 3
9
7
4 2
5
7
3
2
2 3
3
1
3 3
6
10
2
4 1
10
6
5
4
0 0
4 3
7
6
10
2
0 3
3 3
4
10
7
4 3
2
10
1
9
